CpG context
===========
position	count methylated	count unmethylated	% methylation	coverage
1	96	56	63.16	152
2	123	67	64.74	190
3	128	78	62.14	206
4	78	85	47.85	163
5	70	73	48.95	143
6	54	58	48.21	112
7	62	51	54.87	113
8	76	51	59.84	127
9	66	48	57.89	114
10	75	41	64.66	116
11	96	43	69.06	139
12	111	60	64.91	171
13	98	49	66.67	147
14	95	55	63.33	150
15	102	44	69.86	146
16	80	42	65.57	122
17	111	62	64.16	173
18	96	40	70.59	136
19	109	34	76.22	143
20	96	49	66.21	145
21	103	49	67.76	152
22	97	52	65.10	149
23	98	48	67.12	146
24	110	56	66.27	166
25	116	42	73.42	158
26	105	49	68.18	154
27	101	48	67.79	149
28	87	46	65.41	133
29	118	45	72.39	163
30	101	56	64.33	157
31	92	32	74.19	124
32	91	53	63.19	144
33	109	57	65.66	166
34	88	47	65.19	135
35	110	62	63.95	172
36	99	33	75.00	132
37	110	60	64.71	170
38	117	53	68.82	170
39	105	47	69.08	152
40	80	54	59.70	134
41	88	44	66.67	132
42	97	52	65.10	149
43	108	51	67.92	159
44	99	55	64.29	154
45	91	43	67.91	134
46	110	44	71.43	154
47	109	50	68.55	159
48	94	48	66.20	142
49	115	40	74.19	155
50	118	50	70.24	168
51	105	54	66.04	159
52	94	49	65.73	143
53	110	49	69.18	159
54	91	42	68.42	133
55	78	35	69.03	113
56	95	45	67.86	140
57	100	51	66.23	151
58	96	53	64.43	149
59	91	55	62.33	146
60	88	44	66.67	132
61	82	38	68.33	120
62	92	48	65.71	140
63	82	30	73.21	112
64	96	52	64.86	148
65	69	40	63.30	109
66	88	53	62.41	141
67	80	41	66.12	121
68	80	39	67.23	119
69	83	47	63.85	130
70	73	41	64.04	114
71	88	51	63.31	139
72	75	45	62.50	120
73	72	40	64.29	112
74	78	39	66.67	117
75	61	37	62.24	98
76	73	29	71.57	102
77	74	39	65.49	113
78	78	35	69.03	113
79	69	34	66.99	103
80	77	45	63.11	122
81	64	38	62.75	102
82	75	50	60.00	125
83	73	44	62.39	117
84	59	41	59.00	100
85	59	38	60.82	97
86	57	34	62.64	91
87	56	37	60.22	93
88	55	35	61.11	90
89	50	40	55.56	90
90	54	35	60.67	89
91	56	31	64.37	87
92	58	26	69.05	84
93	56	26	68.29	82
94	52	34	60.47	86
95	51	25	67.11	76
96	51	31	62.20	82
97	44	38	53.66	82
98	39	29	57.35	68
99	40	33	54.79	73
100	8	14	36.36	22

CHG context
===========
position	count methylated	count unmethylated	% methylation	coverage
1	78	439	15.09	517
2	23	123	15.75	146
3	30	190	13.64	220
4	21	253	7.66	274
5	22	312	6.59	334
6	9	335	2.62	344
7	3	219	1.35	222
8	8	232	3.33	240
9	0	218	0.00	218
10	10	196	4.85	206
11	18	234	7.14	252
12	6	213	2.74	219
13	10	236	4.07	246
14	8	233	3.32	241
15	9	226	3.83	235
16	4	242	1.63	246
17	4	211	1.86	215
18	8	279	2.79	287
19	6	268	2.19	274
20	8	204	3.77	212
21	5	268	1.83	273
22	6	258	2.27	264
23	5	230	2.13	235
24	5	254	1.93	259
25	7	256	2.66	263
26	6	243	2.41	249
27	3	224	1.32	227
28	5	239	2.05	244
29	3	279	1.06	282
30	5	243	2.02	248
31	5	264	1.86	269
32	3	230	1.29	233
33	1	246	0.40	247
34	3	293	1.01	296
35	5	239	2.05	244
36	6	262	2.24	268
37	3	243	1.22	246
38	3	245	1.21	248
39	5	254	1.93	259
40	6	257	2.28	263
41	7	262	2.60	269
42	6	260	2.26	266
43	4	272	1.45	276
44	10	254	3.79	264
45	4	253	1.56	257
46	5	239	2.05	244
47	7	245	2.78	252
48	5	239	2.05	244
49	5	245	2.00	250
50	6	253	2.32	259
51	1	273	0.36	274
52	8	240	3.23	248
53	2	252	0.79	254
54	3	247	1.20	250
55	8	253	3.07	261
56	4	232	1.69	236
57	6	225	2.60	231
58	7	243	2.80	250
59	8	243	3.19	251
60	5	224	2.18	229
61	1	231	0.43	232
62	3	219	1.35	222
63	3	223	1.33	226
64	3	208	1.42	211
65	8	233	3.32	241
66	3	212	1.40	215
67	5	212	2.30	217
68	11	194	5.37	205
69	4	213	1.84	217
70	4	211	1.86	215
71	0	224	0.00	224
72	2	192	1.03	194
73	6	186	3.12	192
74	7	186	3.63	193
75	3	177	1.67	180
76	3	184	1.60	187
77	4	162	2.41	166
78	4	177	2.21	181
79	8	165	4.62	173
80	1	170	0.58	171
81	1	184	0.54	185
82	3	169	1.74	172
83	3	141	2.08	144
84	8	161	4.73	169
85	4	150	2.60	154
86	7	155	4.32	162
87	6	159	3.64	165
88	3	146	2.01	149
89	3	136	2.16	139
90	6	122	4.69	128
91	8	147	5.16	155
92	6	143	4.03	149
93	4	153	2.55	157
94	3	129	2.27	132
95	4	114	3.39	118
96	3	137	2.14	140
97	7	152	4.40	159
98	5	122	3.94	127
99	1	141	0.70	142
100	3	89	3.26	92

CHH context
===========
position	count methylated	count unmethylated	% methylation	coverage
1	132	319	29.27	451
2	113	395	22.24	508
3	84	394	17.57	478
4	71	447	13.71	518
5	57	577	8.99	634
6	46	661	6.51	707
7	45	738	5.75	783
8	51	792	6.05	843
9	43	765	5.32	808
10	32	735	4.17	767
11	57	652	8.04	709
12	39	660	5.58	699
13	20	661	2.94	681
14	27	721	3.61	748
15	34	718	4.52	752
16	48	676	6.63	724
17	29	722	3.86	751
18	32	634	4.80	666
19	42	662	5.97	704
20	28	699	3.85	727
21	30	678	4.24	708
22	36	728	4.71	764
23	25	738	3.28	763
24	37	745	4.73	782
25	29	732	3.81	761
26	28	751	3.59	779
27	24	733	3.17	757
28	32	708	4.32	740
29	29	703	3.96	732
30	22	700	3.05	722
31	27	739	3.52	766
32	25	723	3.34	748
33	28	717	3.76	745
34	26	725	3.46	751
35	31	751	3.96	782
36	22	734	2.91	756
37	33	756	4.18	789
38	22	724	2.95	746
39	29	730	3.82	759
40	31	721	4.12	752
41	25	735	3.29	760
42	27	740	3.52	767
43	22	745	2.87	767
44	24	764	3.05	788
45	18	711	2.47	729
46	23	744	3.00	767
47	26	746	3.37	772
48	31	762	3.91	793
49	31	756	3.94	787
50	17	689	2.41	706
51	19	732	2.53	751
52	13	730	1.75	743
53	21	689	2.96	710
54	22	699	3.05	721
55	14	662	2.07	676
56	22	652	3.26	674
57	27	685	3.79	712
58	21	639	3.18	660
59	20	671	2.89	691
60	16	636	2.45	652
61	30	673	4.27	703
62	23	631	3.52	654
63	18	639	2.74	657
64	21	668	3.05	689
65	30	669	4.29	699
66	11	635	1.70	646
67	19	597	3.08	616
68	19	610	3.02	629
69	14	596	2.30	610
70	14	592	2.31	606
71	11	590	1.83	601
72	18	581	3.01	599
73	22	556	3.81	578
74	13	599	2.12	612
75	19	515	3.56	534
76	13	586	2.17	599
77	24	520	4.41	544
78	12	513	2.29	525
79	10	514	1.91	524
80	11	519	2.08	530
81	20	491	3.91	511
82	16	521	2.98	537
83	13	482	2.63	495
84	19	500	3.66	519
85	22	468	4.49	490
86	17	472	3.48	489
87	20	470	4.08	490
88	24	463	4.93	487
89	25	450	5.26	475
90	20	404	4.72	424
91	23	435	5.02	458
92	20	444	4.31	464
93	19	428	4.25	447
94	21	417	4.79	438
95	19	394	4.60	413
96	19	386	4.69	405
97	16	370	4.15	386
98	17	387	4.21	404
99	15	352	4.09	367
100	16	294	5.16	310

