CpG context
===========
position	count methylated	count unmethylated	% methylation	coverage
1	111	63	63.79	174
2	138	59	70.05	197
3	163	74	68.78	237
4	111	75	59.68	186
5	101	54	65.16	155
6	80	44	64.52	124
7	86	36	70.49	122
8	95	42	69.34	137
9	89	46	65.93	135
10	114	36	76.00	150
11	101	48	67.79	149
12	140	38	78.65	178
13	140	36	79.55	176
14	115	49	70.12	164
15	149	36	80.54	185
16	129	32	80.12	161
17	131	49	72.78	180
18	131	41	76.16	172
19	136	35	79.53	171
20	142	44	76.34	186
21	136	38	78.16	174
22	165	51	76.39	216
23	156	37	80.83	193
24	126	57	68.85	183
25	142	37	79.33	179
26	161	46	77.78	207
27	154	38	80.21	192
28	126	49	72.00	175
29	146	36	80.22	182
30	154	40	79.38	194
31	142	46	75.53	188
32	127	40	76.05	167
33	161	56	74.19	217
34	125	32	79.62	157
35	148	41	78.31	189
36	152	37	80.42	189
37	160	40	80.00	200
38	178	44	80.18	222
39	153	39	79.69	192
40	145	48	75.13	193
41	158	41	79.40	199
42	149	34	81.42	183
43	155	44	77.89	199
44	127	44	74.27	171
45	148	40	78.72	188
46	162	53	75.35	215
47	151	32	82.51	183
48	151	29	83.89	180
49	150	37	80.21	187
50	139	35	79.89	174
51	151	37	80.32	188
52	147	40	78.61	187
53	143	38	79.01	181
54	150	37	80.21	187
55	128	51	71.51	179
56	143	32	81.71	175
57	126	45	73.68	171
58	153	36	80.95	189
59	137	39	77.84	176
60	114	39	74.51	153
61	137	41	76.97	178
62	115	37	75.66	152
63	121	31	79.61	152
64	129	49	72.47	178
65	116	37	75.82	153
66	115	35	76.67	150
67	116	37	75.82	153
68	129	41	75.88	170
69	120	30	80.00	150
70	103	35	74.64	138
71	134	34	79.76	168
72	116	35	76.82	151
73	121	30	80.13	151
74	105	47	69.08	152
75	93	37	71.54	130
76	117	32	78.52	149
77	118	39	75.16	157
78	111	39	74.00	150
79	105	36	74.47	141
80	119	38	75.80	157
81	99	32	75.57	131
82	85	34	71.43	119
83	89	34	72.36	123
84	92	30	75.41	122
85	113	26	81.29	139
86	99	34	74.44	133
87	92	32	74.19	124
88	91	37	71.09	128
89	99	33	75.00	132
90	90	32	73.77	122
91	92	35	72.44	127
92	80	37	68.38	117
93	78	29	72.90	107
94	80	32	71.43	112
95	65	26	71.43	91
96	62	37	62.63	99
97	73	34	68.22	107
98	59	33	64.13	92
99	54	27	66.67	81
100	12	21	36.36	33

CHG context
===========
position	count methylated	count unmethylated	% methylation	coverage
1	81	482	14.39	563
2	39	158	19.80	197
3	40	206	16.26	246
4	28	253	9.96	281
5	19	368	4.91	387
6	17	381	4.27	398
7	7	256	2.66	263
8	10	234	4.10	244
9	8	218	3.54	226
10	10	236	4.07	246
11	17	224	7.05	241
12	3	235	1.26	238
13	7	289	2.36	296
14	5	281	1.75	286
15	9	250	3.47	259
16	12	250	4.58	262
17	7	276	2.47	283
18	10	270	3.57	280
19	8	261	2.97	269
20	5	251	1.95	256
21	9	249	3.49	258
22	7	282	2.42	289
23	11	277	3.82	288
24	4	255	1.54	259
25	3	304	0.98	307
26	9	297	2.94	306
27	6	271	2.17	277
28	8	276	2.82	284
29	5	325	1.52	330
30	6	286	2.05	292
31	2	274	0.72	276
32	6	275	2.14	281
33	3	252	1.18	255
34	6	298	1.97	304
35	6	307	1.92	313
36	5	251	1.95	256
37	9	264	3.30	273
38	6	249	2.35	255
39	6	287	2.05	293
40	6	289	2.03	295
41	8	301	2.59	309
42	11	262	4.03	273
43	4	289	1.37	293
44	4	282	1.40	286
45	8	273	2.85	281
46	8	285	2.73	293
47	3	303	0.98	306
48	6	272	2.16	278
49	3	285	1.04	288
50	6	303	1.94	309
51	7	283	2.41	290
52	12	276	4.17	288
53	5	302	1.63	307
54	7	273	2.50	280
55	8	286	2.72	294
56	9	275	3.17	284
57	2	281	0.71	283
58	6	269	2.18	275
59	5	237	2.07	242
60	5	274	1.79	279
61	6	281	2.09	287
62	4	256	1.54	260
63	7	273	2.50	280
64	6	268	2.19	274
65	7	244	2.79	251
66	6	233	2.51	239
67	6	269	2.18	275
68	5	251	1.95	256
69	8	232	3.33	240
70	2	239	0.83	241
71	5	267	1.84	272
72	10	238	4.03	248
73	5	219	2.23	224
74	7	246	2.77	253
75	4	210	1.87	214
76	4	233	1.69	237
77	6	237	2.47	243
78	4	209	1.88	213
79	5	209	2.34	214
80	2	196	1.01	198
81	4	201	1.95	205
82	6	182	3.19	188
83	4	191	2.05	195
84	3	192	1.54	195
85	9	192	4.48	201
86	2	162	1.22	164
87	4	187	2.09	191
88	7	206	3.29	213
89	6	150	3.85	156
90	4	196	2.00	200
91	6	187	3.11	193
92	6	168	3.45	174
93	13	154	7.78	167
94	5	184	2.65	189
95	3	165	1.79	168
96	2	166	1.19	168
97	6	155	3.73	161
98	8	162	4.71	170
99	8	143	5.30	151
100	3	122	2.40	125

CHH context
===========
position	count methylated	count unmethylated	% methylation	coverage
1	116	320	26.61	436
2	103	456	18.43	559
3	100	413	19.49	513
4	68	454	13.03	522
5	43	610	6.58	653
6	38	718	5.03	756
7	38	840	4.33	878
8	35	818	4.10	853
9	41	781	4.99	822
10	28	751	3.59	779
11	36	715	4.79	751
12	33	723	4.37	756
13	23	734	3.04	757
14	31	793	3.76	824
15	30	734	3.93	764
16	37	716	4.91	753
17	27	716	3.63	743
18	31	718	4.14	749
19	31	744	4.00	775
20	34	725	4.48	759
21	32	736	4.17	768
22	32	714	4.29	746
23	18	746	2.36	764
24	26	707	3.55	733
25	30	782	3.69	812
26	18	731	2.40	749
27	25	747	3.24	772
28	28	749	3.60	777
29	14	735	1.87	749
30	25	756	3.20	781
31	25	769	3.15	794
32	30	729	3.95	759
33	18	756	2.33	774
34	22	771	2.77	793
35	27	804	3.25	831
36	13	768	1.66	781
37	32	774	3.97	806
38	21	793	2.58	814
39	27	766	3.40	793
40	28	763	3.54	791
41	22	836	2.56	858
42	25	776	3.12	801
43	19	753	2.46	772
44	16	813	1.93	829
45	12	765	1.54	777
46	26	747	3.36	773
47	18	717	2.45	735
48	23	750	2.98	773
49	20	840	2.33	860
50	19	829	2.24	848
51	28	751	3.59	779
52	24	743	3.13	767
53	18	737	2.38	755
54	24	721	3.22	745
55	21	753	2.71	774
56	26	734	3.42	760
57	18	738	2.38	756
58	15	719	2.04	734
59	23	742	3.01	765
60	28	666	4.03	694
61	14	735	1.87	749
62	29	767	3.64	796
63	24	741	3.14	765
64	21	697	2.92	718
65	27	659	3.94	686
66	24	677	3.42	701
67	16	719	2.18	735
68	19	683	2.71	702
69	23	686	3.24	709
70	21	667	3.05	688
71	23	646	3.44	669
72	21	658	3.09	679
73	26	606	4.11	632
74	19	612	3.01	631
75	19	663	2.79	682
76	31	598	4.93	629
77	14	601	2.28	615
78	15	625	2.34	640
79	20	613	3.16	633
80	13	594	2.14	607
81	16	617	2.53	633
82	22	619	3.43	641
83	24	593	3.89	617
84	18	541	3.22	559
85	23	560	3.95	583
86	25	554	4.32	579
87	18	532	3.27	550
88	22	520	4.06	542
89	17	504	3.26	521
90	21	488	4.13	509
91	27	482	5.30	509
92	17	458	3.58	475
93	19	491	3.73	510
94	20	459	4.18	479
95	23	481	4.56	504
96	29	446	6.11	475
97	32	457	6.54	489
98	23	426	5.12	449
99	15	438	3.31	453
100	13	325	3.85	338

